-12.5 	-0.12160	0.15045
-12		-0.10780	0.14557
-11.5	-0.09010	0.14023
-11		0.11970	0.11711
-10.5	0.13790	0.11278
-10		0.15460	0.10848
-9.5		0.17050	0.10418
-9		0.18560	0.09995
-8.5		0.19990	0.09582
-8		0.21320	0.09181
-7.5		0.22520	0.08788
-7		0.23560	0.08405
-6.5		0.24400	0.08035
-6		0.24970	0.07680
-5.5		0.25050	0.07353
-5		0.24560	0.07054
-4.5		0.24920	0.06670
-4		0.26030	0.06232
-3.5		0.28350	0.05704
-3		0.33050	0.05004
-2.5		0.76690	0.01958
-2		0.91100	0.01876
-1.5		0.97860	0.01865
-1		1.04410	0.01866
-0.5		1.10540	0.01880
0		1.16350	0.01904
0.5		1.23260	0.01907
1		1.28490	0.01953
1.5		1.33770	0.01995
2		1.38950	0.02040
2.5		1.44080	0.02088
3		1.49110	0.02140
3.5		1.54000	0.02198
4		1.58740	0.02261
4.5		1.63400	0.02327
5		1.67970	0.02399
5.5		1.72390	0.02477
6		1.76760	0.02557
6.5		1.81120	0.02638
7		1.85330	0.02727
7.5		1.88180	0.02798
8		1.91250	0.02937
8.5		1.94120	0.03091
9		1.96560	0.03278
9.5		1.98710	0.03493
10		1.99550	0.03815
10.5		1.99890	0.04199
11		1.99450	0.04682
11.5		1.97890	0.05324
12		1.95850	0.06105


