-12.5	-0.13520	0.15391	-0.12570	0.15166	-0.12160	0.15045
-12	-0.12150	0.14884	-0.11480	0.14698	-0.10780	0.14557
-11.5	-0.10940	0.14398	-0.10210	0.14215	-0.09010	0.14023
-11	-0.09830	0.13925	-0.08440	0.13687	0.11970	0.11711
-10.5	-0.08270	0.13419	0.11710	0.11449	0.13790	0.11278
-10	-0.05770	0.12820	0.14430	0.10956	0.15460	0.10848
-9.5	0.10630	0.10996	0.16370	0.10511	0.17050	0.10418
-9	0.13420	0.10496	0.18080	0.10082	0.18560	0.09995
-8.5	0.15810	0.10019	0.19620	0.09665	0.19990	0.09582
-8	0.17830	0.09570	0.21020	0.09261	0.21320	0.09181
-7.5	0.19590	0.09144	0.22300	0.08866	0.22520	0.08788
-7	0.21010	0.08741	0.23380	0.08486	0.23560	0.08405
-6.5	0.22150	0.08358	0.24250	0.08120	0.24400	0.08035
-6	0.22980	0.07995	0.24840	0.07767	0.24970	0.07680
-5.5	0.23360	0.07660	0.25000	0.07439	0.25050	0.07353
-5	0.23110	0.07355	0.24570	0.07141	0.24560	0.07054
-4.5	0.23470	0.06989	0.24910	0.06767	0.24920	0.06670
-4	0.24480	0.06575	0.25920	0.06347	0.26030	0.06232
-3.5	0.26460	0.06098	0.28010	0.05851	0.28350	0.05704
-3	0.30070	0.05517	0.32170	0.05211	0.33050	0.05004
-2.5	0.37610	0.04682	0.82420	0.02031	0.76690	0.01958
-2	0.78510	0.02269	0.88990	0.02017	0.91100	0.01876
-1.5	0.86020	0.02216	0.96190	0.01991	0.97860	0.01865
-1	0.93530	0.02180	1.02890	0.01988	1.04410	0.01866
-0.5	1.00450	0.02172	1.09130	0.01999	1.10540	0.01880
0	1.06980	0.02179	1.15120	0.02020	1.16350	0.01904
0.5	1.13440	0.02191	1.22150	0.02021	1.23260	0.01907
1	1.20330	0.02198	1.27400	0.02069	1.28490	0.01953
1.5	1.25690	0.02245	1.32510	0.02123	1.33770	0.01995
2	1.30860	0.02298	1.37650	0.02173	1.38950	0.02040
2.5	1.35920	0.02357	1.42800	0.02224	1.44080	0.02088
3	1.40810	0.02420	1.47800	0.02280	1.49110	0.02140
3.5	1.45600	0.02486	1.52690	0.02340	1.54000	0.02198
4	1.50480	0.02550	1.57470	0.02405	1.58740	0.02261
4.5	1.55270	0.02619	1.62080	0.02474	1.63400	0.02327
5	1.59920	0.02694	1.66590	0.02548	1.67970	0.02399
5.5	1.64430	0.02775	1.70980	0.02628	1.72390	0.02477
6	1.68850	0.02862	1.75230	0.02716	1.76760	0.02557
6.5	1.73100	0.02956	1.79350	0.02810	1.81120	0.02638
7	1.77090	0.03054	1.83440	0.02893	1.85330	0.02727
7.5	1.79640	0.03140	1.86370	0.02977	1.88180	0.02798
8	1.83300	0.03267	1.89590	0.03111	1.91250	0.02937
8.5	1.86650	0.03408	1.92280	0.03272	1.94120	0.03091
9	1.89450	0.03572	1.94830	0.03453	1.96560	0.03278
9.5	1.91580	0.03774	1.96750	0.03677	1.98710	0.03493
10	1.93670	0.03995	1.98380	0.03937	1.99550	0.03815
10.5	1.94950	0.04276	1.98630	0.04315	1.99890	0.04199
11	1.95920	0.04601	1.98160	0.04789	1.99450	0.04682
11.5	1.95340	0.05072	1.97170	0.05361	1.97890	0.05324
12	1.94130	0.05662	1.95250	0.06113	1.95850	0.06105
