   -0.0200    0.3691    0.5492    0.6714    0.7330    0.7550    0.7861
    0.4800    0.4137    0.6167    0.7261    0.7825    0.8019    0.8343
    0.9800    0.4661    0.6916    0.7829    0.8328    0.8519    0.8811
    1.4800    0.5239    0.7647    0.8378    0.8852    0.9036    0.9313
    1.9800    0.5839    0.8301    0.8913    0.9383    0.9558    0.9835
    2.4800    0.6431    0.8911    0.9455    0.9894    1.0073    1.0347
    2.9800    0.7130    0.9494    0.9994    1.0390    1.0580    1.0844
    3.4800    0.8107    1.0035    1.0495    1.0894    1.1079    1.1330
    3.9800    0.9177    1.0541    1.0959    1.1396    1.1566    1.1806
    4.4800    1.0090    1.1024    1.1450    1.1869    1.2033    1.2265
    4.9800    1.0797    1.1496    1.1951    1.2315    1.2479    1.2699
    5.4800    1.1412    1.1967    1.2428    1.2753    1.2909    1.3099
    5.9800    1.1940    1.2441    1.2863    1.3185    1.3316    1.3466
    6.4800    1.2339    1.2910    1.3266    1.3593    1.3692    1.3813
    6.9800    1.2662    1.3361    1.3643    1.3961    1.4029    1.4140
    7.4800    1.2997    1.3759    1.3986    1.4276    1.4324    1.4441
    7.9800    1.3369    1.4090    1.4281    1.4541    1.4583    1.4716
    8.4800    1.3719    1.4365    1.4530    1.4774    1.4821    1.4969
    8.9800    1.3993    1.4592    1.4741    1.4980    1.5041    1.5199
    9.4800    1.4163    1.4749    1.4908    1.5156    1.5241    1.5402
    9.9800    1.4228    1.4834    1.5026    1.5305    1.5423    1.5581
   10.4800    1.4243    1.4914    1.5126    1.5451    1.5595    1.5751
   10.9800    1.4269    1.5038    1.5249    1.5601    1.5760    1.5915
   -0.0200    0.0329    0.0260    0.0162    0.0110    0.0090    0.0085
    0.4800    0.0342    0.0248    0.0154    0.0109    0.0090    0.0081
    0.9800    0.0371    0.0243    0.0150    0.0110    0.0090    0.0080
    1.4800    0.0400    0.0238    0.0149    0.0110    0.0090    0.0081
    1.9800    0.0422    0.0227    0.0149    0.0110    0.0090    0.0083
    2.4800    0.0433    0.0217    0.0151    0.0110    0.0089    0.0085
    2.9800    0.0429    0.0210    0.0152    0.0110    0.0090    0.0087
    3.4800    0.0407    0.0201    0.0148    0.0110    0.0093    0.0090
    3.9800    0.0375    0.0191    0.0140    0.0110    0.0099    0.0094
    4.4800    0.0341    0.0181    0.0136    0.0112    0.0103    0.0099
    4.9800    0.0308    0.0173    0.0138    0.0117    0.0108    0.0106
    5.4800    0.0274    0.0170    0.0141    0.0125    0.0116    0.0114
    5.9800    0.0245    0.0174    0.0145    0.0135    0.0127    0.0123
    6.4800    0.0227    0.0179    0.0150    0.0141    0.0136    0.0134
    6.9800    0.0221    0.0180    0.0158    0.0146    0.0145    0.0147
    7.4800    0.0220    0.0183    0.0168    0.0159    0.0157    0.0161
    7.9800    0.0223    0.0194    0.0182    0.0179    0.0173    0.0176
    8.4800    0.0232    0.0209    0.0197    0.0199    0.0190    0.0195
    8.9800    0.0248    0.0227    0.0212    0.0216    0.0208    0.0216
    9.4800    0.0264    0.0256    0.0235    0.0236    0.0229    0.0237
    9.9800    0.0278    0.0301    0.0272    0.0262    0.0253    0.0258
   10.4800    0.0297    0.0345    0.0313    0.0290    0.0279    0.0283
   10.9800    0.0329    0.0377    0.0344    0.0319    0.0307    0.0312